importing Jupyter notebook from util.ipynb
0 4 (4, 16, 768, 1152) (4, 15, 5)
4 8 (4, 16, 768, 1152) (4, 15, 5)
8 12 (4, 16, 768, 1152) (4, 15, 5)
12 16 (4, 16, 768, 1152) (4, 15, 5)
16 20 (4, 16, 768, 1152) (4, 15, 5)
20 24 (4, 16, 768, 1152) (4, 15, 5)
24 28 (4, 16, 768, 1152) (4, 15, 5)
28 32 (4, 16, 768, 1152) (4, 15, 5)
32 36 (4, 16, 768, 1152) (4, 15, 5)
36 40 (4, 16, 768, 1152) (4, 15, 5)
40 44 (4, 16, 768, 1152) (4, 15, 5)
44 48 (4, 16, 768, 1152) (4, 15, 5)
48 52 (4, 16, 768, 1152) (4, 15, 5)
52 56 (4, 16, 768, 1152) (4, 15, 5)
56 60 (4, 16, 768, 1152) (4, 15, 5)
60 64 (4, 16, 768, 1152) (4, 15, 5)
64 68 (4, 16, 768, 1152) (4, 15, 5)
68 72 (4, 16, 768, 1152) (4, 15, 5)
72 76 (4, 16, 768, 1152) (4, 15, 5)
76 80 (4, 16, 768, 1152) (4, 15, 5)
80 84 (4, 16, 768, 1152) (4, 15, 5)
84 88 (4, 16, 768, 1152) (4, 15, 5)
88 92 (4, 16, 768, 1152) (4, 15, 5)
92 96 (4, 16, 768, 1152) (4, 15, 5)
96 100 (4, 16, 768, 1152) (4, 15, 5)
100 104 (4, 16, 768, 1152) (4, 15, 5)
104 108 (4, 16, 768, 1152) (4, 15, 5)
108 112 (4, 16, 768, 1152) (4, 15, 5)
112 116 (4, 16, 768, 1152) (4, 15, 5)
116 120 (4, 16, 768, 1152) (4, 15, 5)
120 124 (4, 16, 768, 1152) (4, 15, 5)
124 128 (4, 16, 768, 1152) (4, 15, 5)
128 132 (4, 16, 768, 1152) (4, 15, 5)
132 136 (4, 16, 768, 1152) (4, 15, 5)
136 140 (4, 16, 768, 1152) (4, 15, 5)
140 144 (4, 16, 768, 1152) (4, 15, 5)
144 148 (4, 16, 768, 1152) (4, 15, 5)
148 152 (4, 16, 768, 1152) (4, 15, 5)
152 156 (4, 16, 768, 1152) (4, 15, 5)
156 160 (4, 16, 768, 1152) (4, 15, 5)
160 164 (4, 16, 768, 1152) (4, 15, 5)
164 168 (4, 16, 768, 1152) (4, 15, 5)
168 172 (4, 16, 768, 1152) (4, 15, 5)
172 176 (4, 16, 768, 1152) (4, 15, 5)
176 180 (4, 16, 768, 1152) (4, 15, 5)
180 184 (4, 16, 768, 1152) (4, 15, 5)
184 188 (4, 16, 768, 1152) (4, 15, 5)
188 192 (4, 16, 768, 1152) (4, 15, 5)
192 196 (4, 16, 768, 1152) (4, 15, 5)
196 200 (4, 16, 768, 1152) (4, 15, 5)
200 204 (4, 16, 768, 1152) (4, 15, 5)
204 208 (4, 16, 768, 1152) (4, 15, 5)
208 212 (4, 16, 768, 1152) (4, 15, 5)
212 216 (4, 16, 768, 1152) (4, 15, 5)
216 220 (4, 16, 768, 1152) (4, 15, 5)
220 224 (4, 16, 768, 1152) (4, 15, 5)
224 228 (4, 16, 768, 1152) (4, 15, 5)
228 232 (4, 16, 768, 1152) (4, 15, 5)
232 236 (4, 16, 768, 1152) (4, 15, 5)
236 240 (4, 16, 768, 1152) (4, 15, 5)
240 244 (4, 16, 768, 1152) (4, 15, 5)
244 248 (4, 16, 768, 1152) (4, 15, 5)
248 252 (4, 16, 768, 1152) (4, 15, 5)
252 256 (4, 16, 768, 1152) (4, 15, 5)
256 260 (4, 16, 768, 1152) (4, 15, 5)
260 264 (4, 16, 768, 1152) (4, 15, 5)
264 268 (4, 16, 768, 1152) (4, 15, 5)
268 272 (4, 16, 768, 1152) (4, 15, 5)
272 276 (4, 16, 768, 1152) (4, 15, 5)
276 280 (4, 16, 768, 1152) (4, 15, 5)
280 284 (4, 16, 768, 1152) (4, 15, 5)
284 288 (4, 16, 768, 1152) (4, 15, 5)
288 292 (4, 16, 768, 1152) (4, 15, 5)
292 296 (4, 16, 768, 1152) (4, 15, 5)
296 300 (4, 16, 768, 1152) (4, 15, 5)
300 304 (4, 16, 768, 1152) (4, 15, 5)
304 308 (4, 16, 768, 1152) (4, 15, 5)
308 312 (4, 16, 768, 1152) (4, 15, 5)
312 316 (4, 16, 768, 1152) (4, 15, 5)
316 320 (4, 16, 768, 1152) (4, 15, 5)
320 324 (4, 16, 768, 1152) (4, 15, 5)
324 328 (4, 16, 768, 1152) (4, 15, 5)
328 332 (4, 16, 768, 1152) (4, 15, 5)
332 336 (4, 16, 768, 1152) (4, 15, 5)
336 340 (4, 16, 768, 1152) (4, 15, 5)
340 344 (4, 16, 768, 1152) (4, 15, 5)
344 348 (4, 16, 768, 1152) (4, 15, 5)
348 352 (4, 16, 768, 1152) (4, 15, 5)
352 356 (4, 16, 768, 1152) (4, 15, 5)
356 360 (4, 16, 768, 1152) (4, 15, 5)
360 364 (4, 16, 768, 1152) (4, 15, 5)
364 368 (4, 16, 768, 1152) (4, 15, 5)
368 372 (4, 16, 768, 1152) (4, 15, 5)
372 376 (4, 16, 768, 1152) (4, 15, 5)
376 380 (4, 16, 768, 1152) (4, 15, 5)
380 384 (4, 16, 768, 1152) (4, 15, 5)
384 388 (4, 16, 768, 1152) (4, 15, 5)
388 392 (4, 16, 768, 1152) (4, 15, 5)
392 396 (4, 16, 768, 1152) (4, 15, 5)
396 400 (4, 16, 768, 1152) (4, 15, 5)
400 404 (4, 16, 768, 1152) (4, 15, 5)
404 408 (4, 16, 768, 1152) (4, 15, 5)
408 412 (4, 16, 768, 1152) (4, 15, 5)
412 416 (4, 16, 768, 1152) (4, 15, 5)
416 420 (4, 16, 768, 1152) (4, 15, 5)
420 424 (4, 16, 768, 1152) (4, 15, 5)
424 428 (4, 16, 768, 1152) (4, 15, 5)
428 432 (4, 16, 768, 1152) (4, 15, 5)
432 436 (4, 16, 768, 1152) (4, 15, 5)
436 440 (4, 16, 768, 1152) (4, 15, 5)
440 444 (4, 16, 768, 1152) (4, 15, 5)
444 448 (4, 16, 768, 1152) (4, 15, 5)
448 452 (4, 16, 768, 1152) (4, 15, 5)
452 456 (4, 16, 768, 1152) (4, 15, 5)
456 460 (4, 16, 768, 1152) (4, 15, 5)
460 464 (4, 16, 768, 1152) (4, 15, 5)
464 468 (4, 16, 768, 1152) (4, 15, 5)
468 472 (4, 16, 768, 1152) (4, 15, 5)
472 476 (4, 16, 768, 1152) (4, 15, 5)
476 480 (4, 16, 768, 1152) (4, 15, 5)
480 484 (4, 16, 768, 1152) (4, 15, 5)
Traceback (most recent call last):
  File "convert_netcdf_files_to_hdf5.py", line 71, in <module>
    convert_nc_to_h5()
  File "convert_netcdf_files_to_hdf5.py", line 59, in convert_nc_to_h5
    box_list_arr = convert_list_box_lists_to_np_array(get_boxes_for_nc_file(cfile))
  File "<string>", line 37, in convert_list_box_lists_to_np_array
IndexError: list index out of range
